precision: 0.59406
recall: 0.508751
mAP: 0.539786
